# SW LW Ta P WS PA CO2 RH cos_sza sw_beam_frac
      0.0000     320.0000     292.1500       0.0000       2.0000   85000.0000     420.0000      75.0000       0.0000       0.0000
      0.0000     322.6105     291.2115       0.0000       2.0653   85000.0000     420.0000      76.3053       0.0000       0.0000
      0.0000     325.1764     290.2206       0.0000       2.1294   85000.0000     420.0000      77.5882       0.0000       0.0000
      0.0000     327.6537     289.1942       0.0000       2.1913   85000.0000     420.0000      78.8268       0.0000       0.0000
      0.0000     330.0000     288.1500       0.0000       2.2500   85000.0000     420.0000      80.0000       0.0000       0.0000
      0.0000     332.1752     287.1058       0.0000       2.3044   85000.0000     420.0000      81.0876       0.0000       0.0000
      0.0000     334.1421     286.0794       0.0000       2.3536   85000.0000     420.0000      82.0711       0.0000       0.0000
      0.0000     335.8671     285.0885       0.0000       2.3967   85000.0000     420.0000      82.9335       0.0000       0.0000
      0.0000     337.3205     284.1500       0.0000       2.4330   85000.0000     420.0000      83.6603       0.0000       0.0000
      0.0000     338.4776     283.2799       0.0000       2.4619   85000.0000     420.0000      84.2388       0.0000       0.0000
      0.0000     339.3185     282.4931       0.0000       2.4830   85000.0000     420.0000      84.6593       0.0000       0.0000
      0.0000     339.8289     281.8032       0.0000       2.4957   85000.0000     420.0000      84.9144       0.0000       0.0000
      0.0000     340.0000     281.2218       0.0000       2.5000   85000.0000     420.0000      40.0000       0.0000       0.4500
    104.4210     339.8289     280.7590       0.0000       2.4957   85000.0000     420.0000      43.2632       0.1305       0.5022
    207.0552     339.3185     280.4226       0.0000       2.4830   85000.0000     420.0000      46.4705       0.2588       0.5535
    306.1467     338.4776     280.2184       0.0000       2.4619   85000.0000     420.0000      49.5671       0.3827       0.6031
    400.0000     337.3205     280.1500       0.0000       2.4330   85000.0000     420.0000      52.5000       0.5000       0.6500
    487.0091     335.8671     280.2184       0.0000       2.3967   85000.0000     420.0000      55.2190       0.6088       0.6935
    565.6854     334.1421     280.4226       0.0000       2.3536   85000.0000     420.0000      57.6777       0.7071       0.7328
    634.6827     332.1752     280.7590       0.0000       2.3044   85000.0000     420.0000      59.8338       0.7934       0.7673
    692.8203     330.0000     281.2218       0.0000       2.2500   85000.0000     420.0000      61.6506       0.8660       0.7964
    739.1036     327.6537     281.8032       0.0000       2.1913   85000.0000     420.0000      63.0970       0.9239       0.8196
    772.7407     325.1764     282.4931       0.0000       2.1294   85000.0000     420.0000      64.1481       0.9659       0.8364
    793.1559     322.6105     283.2799       0.0000       2.0653   85000.0000     420.0000      64.7861       0.9914       0.8466
    800.0000     320.0000     284.1500       0.0000       2.0000   85000.0000     420.0000      65.0000       1.0000       0.8500
    793.1559     317.3895     285.0885       0.0000       1.9347   85000.0000     420.0000      64.7861       0.9914       0.8466
    772.7407     314.8236     286.0794       0.0000       1.8706   85000.0000     420.0000      64.1481       0.9659       0.8364
    739.1036     312.3463     287.1058       0.0000       1.8087   85000.0000     420.0000      63.0970       0.9239       0.8196
    692.8203     310.0000     288.1500       0.5000       1.7500   85000.0000     420.0000      61.6506       0.8660       0.7964
    634.6827     307.8248     289.1942       0.5000       1.6956   85000.0000     420.0000      59.8338       0.7934       0.7673
    565.6854     305.8579     290.2206       0.5000       1.6464   85000.0000     420.0000      57.6777       0.7071       0.7328
    487.0091     304.1329     291.2115       0.5000       1.6033   85000.0000     420.0000      55.2190       0.6088       0.6935
    400.0000     302.6795     292.1500       0.5000       1.5670   85000.0000     420.0000      52.5000       0.5000       0.6500
    306.1467     301.5224     293.0201       0.0000       1.5381   85000.0000     420.0000      49.5671       0.3827       0.6031
    207.0552     300.6815     293.8069       0.0000       1.5170   85000.0000     420.0000      46.4705       0.2588       0.5535
    104.4210     300.1711     294.4968       0.0000       1.5043   85000.0000     420.0000      43.2632       0.1305       0.5022
      0.0000     300.0000     295.0782       0.0000       1.5000   85000.0000     420.0000      40.0000       0.0000       0.4500
      0.0000     300.1711     295.5410       0.0000       1.5043   85000.0000     420.0000      65.0856       0.0000       0.0000
      0.0000     300.6815     295.8774       0.0000       1.5170   85000.0000     420.0000      65.3407       0.0000       0.0000
      0.0000     301.5224     296.0816       0.0000       1.5381   85000.0000     420.0000      65.7612       0.0000       0.0000
      0.0000     302.6795     296.1500       0.0000       1.5670   85000.0000     420.0000      66.3397       0.0000       0.0000
      0.0000     304.1329     296.0816       0.0000       1.6033   85000.0000     420.0000      67.0665       0.0000       0.0000
      0.0000     305.8579     295.8774       0.0000       1.6464   85000.0000     420.0000      67.9289       0.0000       0.0000
      0.0000     307.8248     295.5410       0.0000       1.6956   85000.0000     420.0000      68.9124       0.0000       0.0000
      0.0000     310.0000     295.0782       0.0000       1.7500   85000.0000     420.0000      70.0000       0.0000       0.0000
      0.0000     312.3463     294.4968       0.0000       1.8087   85000.0000     420.0000      71.1732       0.0000       0.0000
      0.0000     314.8236     293.8069       0.0000       1.8706   85000.0000     420.0000      72.4118       0.0000       0.0000
      0.0000     317.3895     293.0201       0.0000       1.9347   85000.0000     420.0000      73.6947       0.0000       0.0000
