# step SW LW Ta P WS Rn H LE G Ts beta W GPP NEE Rleaf Rsoil psi_leaf stress_hydro snow_swe GPP_sun GPP_shade albedo_eff
       1   0.000000E+00   0.000000E+00   0.000000E+00   0.000000E+00   0.000000E+00  -4.500846E-02   0.000000E+00   0.000000E+00   3.000000E+02   3.000000E+01   5.744425E-01   5.595540E+02   0.000000E+00   2.119139E-05   0.000000E+00   2.119139E-05  -5.000000E-02   1.000000E+00   0.000000E+00   0.000000E+00   0.000000E+00   4.600249E-01
       2   0.000000E+00   0.000000E+00   0.000000E+00   0.000000E+00   0.000000E+00  -4.500846E-02   0.000000E+00   0.000000E+00   3.000000E+02   3.000000E+01   5.744425E-01   5.595540E+02   0.000000E+00   1.851428E-05   0.000000E+00   1.851428E-05  -5.000000E-02   1.000000E+00   0.000000E+00   0.000000E+00   0.000000E+00   4.600249E-01
       3   0.000000E+00   0.000000E+00   0.000000E+00   0.000000E+00   0.000000E+00  -4.500846E-02   0.000000E+00   0.000000E+00   3.000000E+02   3.000000E+01   5.744425E-01   5.595540E+02   0.000000E+00   1.617537E-05   0.000000E+00   1.617537E-05  -5.000000E-02   1.000000E+00   0.000000E+00   0.000000E+00   0.000000E+00   4.600249E-01
       4   0.000000E+00   0.000000E+00   0.000000E+00   0.000000E+00   0.000000E+00  -4.500846E-02   0.000000E+00   0.000000E+00   3.000000E+02   3.000000E+01   5.744425E-01   5.595540E+02   0.000000E+00   1.413194E-05   0.000000E+00   1.413194E-05  -5.000000E-02   1.000000E+00   0.000000E+00   0.000000E+00   0.000000E+00   4.600249E-01
       5   0.000000E+00   0.000000E+00   0.000000E+00   0.000000E+00   0.000000E+00  -4.500846E-02   0.000000E+00   0.000000E+00   3.000000E+02   3.000000E+01   5.744425E-01   5.595540E+02   0.000000E+00   1.234665E-05   0.000000E+00   1.234665E-05  -5.000000E-02   1.000000E+00   0.000000E+00   0.000000E+00   0.000000E+00   4.600249E-01
       6   0.000000E+00   0.000000E+00   0.000000E+00   0.000000E+00   0.000000E+00  -4.500846E-02   0.000000E+00   0.000000E+00   3.000000E+02   3.000000E+01   5.744425E-01   5.595540E+02   0.000000E+00   1.078690E-05   0.000000E+00   1.078690E-05  -5.000000E-02   1.000000E+00   0.000000E+00   0.000000E+00   0.000000E+00   4.600249E-01
       7   0.000000E+00   0.000000E+00   0.000000E+00   0.000000E+00   0.000000E+00  -4.500846E-02   0.000000E+00   0.000000E+00   3.000000E+02   3.000000E+01   5.744425E-01   5.595540E+02   0.000000E+00   9.424186E-06   0.000000E+00   9.424186E-06  -5.000000E-02   1.000000E+00   0.000000E+00   0.000000E+00   0.000000E+00   4.600249E-01
       8   0.000000E+00   0.000000E+00   0.000000E+00   0.000000E+00   0.000000E+00  -4.500846E-02   0.000000E+00   0.000000E+00   3.000000E+02   3.000000E+01   5.744425E-01   5.595540E+02   0.000000E+00   8.233628E-06   0.000000E+00   8.233628E-06  -5.000000E-02   1.000000E+00   0.000000E+00   0.000000E+00   0.000000E+00   4.600249E-01
       9   0.000000E+00   0.000000E+00   0.000000E+00   0.000000E+00   0.000000E+00  -4.500846E-02   0.000000E+00   0.000000E+00   3.000000E+02   3.000000E+01   5.744425E-01   5.595540E+02   0.000000E+00   7.193473E-06   0.000000E+00   7.193473E-06  -5.000000E-02   1.000000E+00   0.000000E+00   0.000000E+00   0.000000E+00   4.600249E-01
      10   0.000000E+00   0.000000E+00   0.000000E+00   0.000000E+00   0.000000E+00  -4.500846E-02   0.000000E+00   0.000000E+00   3.000000E+02   3.000000E+01   5.744425E-01   5.595540E+02   0.000000E+00   6.284721E-06   0.000000E+00   6.284721E-06  -5.000000E-02   1.000000E+00   0.000000E+00   0.000000E+00   0.000000E+00   4.600249E-01
      11   0.000000E+00   0.000000E+00   0.000000E+00   0.000000E+00   0.000000E+00  -4.500846E-02   0.000000E+00   0.000000E+00   3.000000E+02   3.000000E+01   5.744425E-01   5.595540E+02   0.000000E+00   5.490772E-06   0.000000E+00   5.490772E-06  -5.000000E-02   1.000000E+00   0.000000E+00   0.000000E+00   0.000000E+00   4.600249E-01
      12   0.000000E+00   0.000000E+00   0.000000E+00   0.000000E+00   0.000000E+00  -4.500846E-02   0.000000E+00   0.000000E+00   3.000000E+02   3.000000E+01   5.744425E-01   5.595540E+02   0.000000E+00   4.797123E-06   0.000000E+00   4.797123E-06  -5.000000E-02   1.000000E+00   0.000000E+00   0.000000E+00   0.000000E+00   4.600249E-01
      13   0.000000E+00   0.000000E+00   0.000000E+00   0.000000E+00   0.000000E+00  -4.500846E-02   0.000000E+00   0.000000E+00   3.000000E+02   3.000000E+01   5.744425E-01   5.595540E+02   0.000000E+00   4.191102E-06   0.000000E+00   4.191102E-06  -5.000000E-02   1.000000E+00   0.000000E+00   0.000000E+00   0.000000E+00   4.600249E-01
      14   0.000000E+00   0.000000E+00   0.000000E+00   0.000000E+00   0.000000E+00  -4.500846E-02   0.000000E+00   0.000000E+00   3.000000E+02   3.000000E+01   5.744425E-01   5.595540E+02   0.000000E+00   3.661640E-06   0.000000E+00   3.661640E-06  -5.000000E-02   1.000000E+00   0.000000E+00   0.000000E+00   0.000000E+00   4.600249E-01
      15   0.000000E+00   0.000000E+00   0.000000E+00   0.000000E+00   0.000000E+00  -4.500846E-02   0.000000E+00   0.000000E+00   3.000000E+02   3.000000E+01   5.744425E-01   5.595540E+02   0.000000E+00   3.199065E-06   0.000000E+00   3.199065E-06  -5.000000E-02   1.000000E+00   0.000000E+00   0.000000E+00   0.000000E+00   4.600249E-01
      16   0.000000E+00   0.000000E+00   0.000000E+00   0.000000E+00   0.000000E+00  -4.500846E-02   0.000000E+00   0.000000E+00   3.000000E+02   3.000000E+01   5.744425E-01   5.595540E+02   0.000000E+00   2.794927E-06   0.000000E+00   2.794927E-06  -5.000000E-02   1.000000E+00   0.000000E+00   0.000000E+00   0.000000E+00   4.600249E-01
      17   0.000000E+00   0.000000E+00   0.000000E+00   0.000000E+00   0.000000E+00  -4.500846E-02   0.000000E+00   0.000000E+00   3.000000E+02   3.000000E+01   5.744425E-01   5.595540E+02   0.000000E+00   2.441843E-06   0.000000E+00   2.441843E-06  -5.000000E-02   1.000000E+00   0.000000E+00   0.000000E+00   0.000000E+00   4.600249E-01
      18   0.000000E+00   0.000000E+00   0.000000E+00   0.000000E+00   0.000000E+00  -4.500846E-02   0.000000E+00   0.000000E+00   3.000000E+02   3.000000E+01   5.744425E-01   5.595540E+02   0.000000E+00   2.133365E-06   0.000000E+00   2.133365E-06  -5.000000E-02   1.000000E+00   0.000000E+00   0.000000E+00   0.000000E+00   4.600249E-01
      19   0.000000E+00   0.000000E+00   0.000000E+00   0.000000E+00   0.000000E+00  -4.500846E-02   0.000000E+00   0.000000E+00   3.000000E+02   3.000000E+01   5.744425E-01   5.595540E+02   0.000000E+00   1.863857E-06   0.000000E+00   1.863857E-06  -5.000000E-02   1.000000E+00   0.000000E+00   0.000000E+00   0.000000E+00   4.600249E-01
      20   0.000000E+00   0.000000E+00   0.000000E+00   0.000000E+00   0.000000E+00  -4.500846E-02   0.000000E+00   0.000000E+00   3.000000E+02   3.000000E+01   5.744425E-01   5.595540E+02   0.000000E+00   1.628396E-06   0.000000E+00   1.628396E-06  -5.000000E-02   1.000000E+00   0.000000E+00   0.000000E+00   0.000000E+00   4.600249E-01
      21   0.000000E+00   0.000000E+00   0.000000E+00   0.000000E+00   0.000000E+00  -4.500846E-02   0.000000E+00   0.000000E+00   3.000000E+02   3.000000E+01   5.744425E-01   5.595540E+02   0.000000E+00   1.422680E-06   0.000000E+00   1.422680E-06  -5.000000E-02   1.000000E+00   0.000000E+00   0.000000E+00   0.000000E+00   4.600249E-01
      22   0.000000E+00   0.000000E+00   0.000000E+00   0.000000E+00   0.000000E+00  -4.500846E-02   0.000000E+00   0.000000E+00   3.000000E+02   3.000000E+01   5.744425E-01   5.595540E+02   0.000000E+00   1.242953E-06   0.000000E+00   1.242953E-06  -5.000000E-02   1.000000E+00   0.000000E+00   0.000000E+00   0.000000E+00   4.600249E-01
      23   0.000000E+00   0.000000E+00   0.000000E+00   0.000000E+00   0.000000E+00  -4.500846E-02   0.000000E+00   0.000000E+00   3.000000E+02   3.000000E+01   5.744425E-01   5.595540E+02   0.000000E+00   1.085931E-06   0.000000E+00   1.085931E-06  -5.000000E-02   1.000000E+00   0.000000E+00   0.000000E+00   0.000000E+00   4.600249E-01
      24   0.000000E+00   0.000000E+00   0.000000E+00   0.000000E+00   0.000000E+00  -4.500846E-02   0.000000E+00   0.000000E+00   3.000000E+02   3.000000E+01   5.744425E-01   5.595540E+02   0.000000E+00   9.487451E-07   0.000000E+00   9.487451E-07  -5.000000E-02   1.000000E+00   0.000000E+00   0.000000E+00   0.000000E+00   4.600249E-01
      25   0.000000E+00   0.000000E+00   0.000000E+00   0.000000E+00   0.000000E+00  -4.500846E-02   0.000000E+00   0.000000E+00   3.000000E+02   3.000000E+01   5.744425E-01   5.595540E+02   0.000000E+00   8.288901E-07   0.000000E+00   8.288901E-07  -5.000000E-02   1.000000E+00   0.000000E+00   0.000000E+00   0.000000E+00   4.600249E-01
      26   0.000000E+00   0.000000E+00   0.000000E+00   0.000000E+00   0.000000E+00  -4.500846E-02   0.000000E+00   0.000000E+00   3.000000E+02   3.000000E+01   5.744425E-01   5.595540E+02   0.000000E+00   7.241764E-07   0.000000E+00   7.241764E-07  -5.000000E-02   1.000000E+00   0.000000E+00   0.000000E+00   0.000000E+00   4.600249E-01
      27   0.000000E+00   0.000000E+00   0.000000E+00   0.000000E+00   0.000000E+00  -4.500846E-02   0.000000E+00   0.000000E+00   3.000000E+02   3.000000E+01   5.744425E-01   5.595540E+02   0.000000E+00   6.326911E-07   0.000000E+00   6.326911E-07  -5.000000E-02   1.000000E+00   0.000000E+00   0.000000E+00   0.000000E+00   4.600249E-01
      28   0.000000E+00   0.000000E+00   0.000000E+00   0.000000E+00   0.000000E+00  -4.500846E-02   0.000000E+00   0.000000E+00   3.000000E+02   3.000000E+01   5.744425E-01   5.595540E+02   0.000000E+00   5.527632E-07   0.000000E+00   5.527632E-07  -5.000000E-02   1.000000E+00   0.000000E+00   0.000000E+00   0.000000E+00   4.600249E-01
      29   0.000000E+00   0.000000E+00   0.000000E+00   0.000000E+00   0.000000E+00  -4.500846E-02   0.000000E+00   0.000000E+00   3.000000E+02   3.000000E+01   5.744425E-01   5.595540E+02   0.000000E+00   4.829326E-07   0.000000E+00   4.829326E-07  -5.000000E-02   1.000000E+00   0.000000E+00   0.000000E+00   0.000000E+00   4.600249E-01
      30   0.000000E+00   0.000000E+00   0.000000E+00   0.000000E+00   0.000000E+00  -4.500846E-02   0.000000E+00   0.000000E+00   3.000000E+02   3.000000E+01   5.744425E-01   5.595540E+02   0.000000E+00   4.219237E-07   0.000000E+00   4.219237E-07  -5.000000E-02   1.000000E+00   0.000000E+00   0.000000E+00   0.000000E+00   4.600249E-01
      31   0.000000E+00   0.000000E+00   0.000000E+00   0.000000E+00   0.000000E+00  -4.500846E-02   0.000000E+00   0.000000E+00   3.000000E+02   3.000000E+01   5.744425E-01   5.595540E+02   0.000000E+00   3.686221E-07   0.000000E+00   3.686221E-07  -5.000000E-02   1.000000E+00   0.000000E+00   0.000000E+00   0.000000E+00   4.600249E-01
      32   0.000000E+00   0.000000E+00   0.000000E+00   0.000000E+00   0.000000E+00  -4.500846E-02   0.000000E+00   0.000000E+00   3.000000E+02   3.000000E+01   5.744425E-01   5.595540E+02   0.000000E+00   3.220540E-07   0.000000E+00   3.220540E-07  -5.000000E-02   1.000000E+00   0.000000E+00   0.000000E+00   0.000000E+00   4.600249E-01
      33   0.000000E+00   0.000000E+00   0.000000E+00   0.000000E+00   0.000000E+00  -4.500846E-02   0.000000E+00   0.000000E+00   2.758393E+02   3.000000E+01   5.744425E-01   5.595540E+02   0.000000E+00   2.844461E-07   0.000000E+00   2.844461E-07  -5.000000E-02   1.000000E+00   0.000000E+00   0.000000E+00   0.000000E+00   4.600249E-01
      34   0.000000E+00   0.000000E+00   0.000000E+00   0.000000E+00   0.000000E+00  -4.500846E-02   0.000000E+00   0.000000E+00   2.370514E+02   3.000000E+01   5.744425E-01   5.595540E+02   0.000000E+00   2.556555E-07   0.000000E+00   2.556555E-07  -5.000000E-02   1.000000E+00   0.000000E+00   0.000000E+00   0.000000E+00   4.600249E-01
      35   0.000000E+00   0.000000E+00   0.000000E+00   0.000000E+00   0.000000E+00  -4.500846E-02   0.000000E+00   0.000000E+00   2.037178E+02   3.000000E+01   5.744425E-01   5.595540E+02   0.000000E+00   2.332532E-07   0.000000E+00   2.332532E-07  -5.000000E-02   1.000000E+00   0.000000E+00   0.000000E+00   0.000000E+00   4.600249E-01
      36   0.000000E+00   0.000000E+00   0.000000E+00   0.000000E+00   0.000000E+00  -4.500846E-02   0.000000E+00   0.000000E+00   1.750714E+02   3.000000E+01   5.744425E-01   5.595540E+02   0.000000E+00   2.155763E-07   0.000000E+00   2.155763E-07  -5.000000E-02   1.000000E+00   0.000000E+00   0.000000E+00   0.000000E+00   4.600249E-01
      37   0.000000E+00   0.000000E+00   0.000000E+00   0.000000E+00   0.000000E+00  -4.500846E-02   0.000000E+00   0.000000E+00   1.504533E+02   3.000000E+01   5.744425E-01   5.595540E+02   0.000000E+00   2.014595E-07   0.000000E+00   2.014595E-07  -5.000000E-02   1.000000E+00   0.000000E+00   0.000000E+00   0.000000E+00   4.600249E-01
      38   0.000000E+00   0.000000E+00   0.000000E+00   0.000000E+00   0.000000E+00  -4.500846E-02   0.000000E+00   0.000000E+00   1.292969E+02   3.000000E+01   5.744425E-01   5.595540E+02   0.000000E+00   1.900688E-07   0.000000E+00   1.900688E-07  -5.000000E-02   1.000000E+00   0.000000E+00   0.000000E+00   0.000000E+00   4.600249E-01
      39   0.000000E+00   0.000000E+00   0.000000E+00   0.000000E+00   0.000000E+00  -4.500846E-02   0.000000E+00   0.000000E+00   1.111154E+02   3.000000E+01   5.744425E-01   5.595540E+02   0.000000E+00   1.807960E-07   0.000000E+00   1.807960E-07  -5.000000E-02   1.000000E+00   0.000000E+00   0.000000E+00   0.000000E+00   4.600249E-01
      40   0.000000E+00   0.000000E+00   0.000000E+00   0.000000E+00   0.000000E+00  -4.500846E-02   0.000000E+00   0.000000E+00   9.549062E+01   3.000000E+01   5.744425E-01   5.595540E+02   0.000000E+00   1.731897E-07   0.000000E+00   1.731897E-07  -5.000000E-02   1.000000E+00   0.000000E+00   0.000000E+00   0.000000E+00   4.600249E-01
      41   0.000000E+00   0.000000E+00   0.000000E+00   0.000000E+00   0.000000E+00  -4.500846E-02   0.000000E+00   0.000000E+00   8.206294E+01   3.000000E+01   5.744425E-01   5.595540E+02   0.000000E+00   1.669092E-07   0.000000E+00   1.669092E-07  -5.000000E-02   1.000000E+00   0.000000E+00   0.000000E+00   0.000000E+00   4.600249E-01
      42   0.000000E+00   0.000000E+00   0.000000E+00   0.000000E+00   0.000000E+00  -4.500846E-02   0.000000E+00   0.000000E+00   7.052343E+01   3.000000E+01   5.744425E-01   5.595540E+02   0.000000E+00   1.616944E-07   0.000000E+00   1.616944E-07  -5.000000E-02   1.000000E+00   0.000000E+00   0.000000E+00   0.000000E+00   4.600249E-01
      43   0.000000E+00   0.000000E+00   0.000000E+00   0.000000E+00   0.000000E+00  -4.500846E-02   0.000000E+00   0.000000E+00   6.060658E+01   3.000000E+01   5.744425E-01   5.595540E+02   0.000000E+00   1.573434E-07   0.000000E+00   1.573434E-07  -5.000000E-02   1.000000E+00   0.000000E+00   0.000000E+00   0.000000E+00   4.600249E-01
      44   0.000000E+00   0.000000E+00   0.000000E+00   0.000000E+00   0.000000E+00  -4.500846E-02   0.000000E+00   0.000000E+00   5.208422E+01   3.000000E+01   5.744425E-01   5.595540E+02   0.000000E+00   1.536980E-07   0.000000E+00   1.536980E-07  -5.000000E-02   1.000000E+00   0.000000E+00   0.000000E+00   0.000000E+00   4.600249E-01
      45   0.000000E+00   0.000000E+00   0.000000E+00   0.000000E+00   0.000000E+00  -4.500846E-02   0.000000E+00   0.000000E+00   4.476025E+01   3.000000E+01   5.744425E-01   5.595540E+02   0.000000E+00   1.506330E-07   0.000000E+00   1.506330E-07  -5.000000E-02   1.000000E+00   0.000000E+00   0.000000E+00   0.000000E+00   4.600249E-01
      46   0.000000E+00   0.000000E+00   0.000000E+00   0.000000E+00   0.000000E+00  -4.500846E-02   0.000000E+00   0.000000E+00   3.846616E+01   3.000000E+01   5.744425E-01   5.595540E+02   0.000000E+00   1.480480E-07   0.000000E+00   1.480480E-07  -5.000000E-02   1.000000E+00   0.000000E+00   0.000000E+00   0.000000E+00   4.600249E-01
      47   0.000000E+00   0.000000E+00   0.000000E+00   0.000000E+00   0.000000E+00  -4.500846E-02   0.000000E+00   0.000000E+00   3.305713E+01   3.000000E+01   5.744425E-01   5.595540E+02   0.000000E+00   1.458621E-07   0.000000E+00   1.458621E-07  -5.000000E-02   1.000000E+00   0.000000E+00   0.000000E+00   0.000000E+00   4.600249E-01
      48   0.000000E+00   0.000000E+00   0.000000E+00   0.000000E+00   0.000000E+00  -4.500846E-02   0.000000E+00   0.000000E+00   2.840871E+01   3.000000E+01   5.744425E-01   5.595540E+02   0.000000E+00   1.440095E-07   0.000000E+00   1.440095E-07  -5.000000E-02   1.000000E+00   0.000000E+00   0.000000E+00   0.000000E+00   4.600249E-01
